[1, 0, 0]
[2, 0, 0]
[3, 4, 5]
Path: DDRR

[1, 0, 0]
[2, 5, 6]
[3, 4, 7]
Path: DDRURD

[1, 6, 7]
[2, 5, 8]
[3, 4, 9]
Path: DDRUURDD

[1, 0, 0]
[2, 3, 0]
[0, 4, 5]
Path: DRDR

[1, 0, 0]
[2, 3, 4]
[0, 0, 5]
Path: DRRD

[1, 4, 5]
[2, 3, 6]
[0, 0, 7]
Path: DRURDD

[1, 2, 0]
[0, 3, 0]
[0, 4, 5]
Path: RDDR

[1, 2, 0]
[0, 3, 4]
[0, 0, 5]
Path: RDRD

[1, 2, 0]
[4, 3, 0]
[5, 6, 7]
Path: RDLDRR

[1, 2, 3]
[0, 0, 4]
[0, 0, 5]
Path: RRDD

[1, 2, 3]
[0, 5, 4]
[0, 6, 7]
Path: RRDLDR

[1, 2, 3]
[6, 5, 4]
[7, 8, 9]
Path: RRDLLDRR

